L = ...
[  1.0000  0.0000  0.0000;
  0.3333  1.0000  0.0000;
  0.0000  0.6000  1.0000];
