L = ...
[  1.0000  0.0000  0.0000;
  0.2000  1.0000  0.0000;
  1.0000 -0.3333  1.0000];
