Q = ...
[ -0.9487  0.2673  0.1690;
 -0.3162 -0.8018 -0.5071;
  0.0000 -0.5345  0.8452];
