Q = ...
[    0.7001    0.0623   -0.7113;
    0.1400    0.9649    0.2223;
    0.7001   -0.2552    0.6668];
