Q = ...
[ -0.4082  0.5307  0.7428;
 -0.8165  0.1516 -0.5571;
 -0.4082 -0.8339  0.3714];
