Q = ...
[ -0.8944  0.3078  0.3244;
 -0.4472 -0.6156 -0.6489;
  0.0000 -0.7255  0.6882];
