Q = ...
[    0.7001    0.6865   -0.1961;
    0.7001   -0.7140    0.0000;
    0.1400    0.1373    0.9806];
