R = ...
[    7.1414    6.4413    4.2008;
    0.0000    0.7140   -0.0824;
    0.0000    0.0000    4.5107];
