R = ...
[ -2.4495 -0.4082 -3.6742;
  0.0000 -2.1985 -2.0469;
  0.0000  0.0000 -0.5571];
