R = ...
[ -2.2361 -1.7889 -0.6325;
  0.0000 -1.9494 -4.4980;
  0.0000  0.0000  2.5236];
