R = ...
[   14.2829   14.0028    9.1018;
    0.0000    3.1499    2.3966;
    0.0000    0.0000    6.3571];
