R = ...
[ -3.1623 -1.5811 -0.6325;
  0.0000 -1.8708  0.0000;
  0.0000  0.0000  2.3664];
