U = ...
[ 10.0000 10.0000  2.0000;
  0.0000  3.0000  4.6000;
  0.0000  0.0000  9.5333];
