U = ...
[  3.0000  1.0000  1.0000;
  0.0000  1.6667 -1.3333;
  0.0000  0.0000  2.8000];
