v = [1.000000;-18.000000;100.000000;-172.000000;-25.000000;82.000000;];