x = [ -0.1364;  0.1819;  0.2727];