x = [  1.0714; -0.1429;  0.7143];