x = [ -0.0962; -0.2512;  0.4574; -1.8341; -0.2087;  0.8758;  0.6971;  1.5005; -5.7811; -0.6615;  1.4023; -0.2708; -1.3103;  0.2300;  0.0861;  0.8426; -0.1474; -0.4982; -0.6630; -0.4844; -0.5632;  2.1598; -0.7796; -0.1560; -0.2485;  0.6795; -0.6049;  0.8894;  0.2147;  0.9102;  0.2245;  7.7437;  0.6509;  0.9113;  1.0306; -0.3578; -0.4909;  0.4340; -0.4867;  1.5429;  0.3689;  0.8272;  0.0927; -0.3482;  0.9434;  0.0104;  3.4053;  0.1737; -1.2692; -0.1576;  0.3847;  0.1459;  0.1549;  2.9109;  1.0953;  0.4355; -0.7630;  0.3658;  0.1310;  0.9160;  0.0360;  2.0589;  0.4223; -0.7167; -0.3073; -0.4860;  0.3134;  1.1288;  1.4026;  0.5157;  0.0023;  0.2711; -0.1876;  0.6192; -1.4930;  0.7913;  2.2966;  1.2073;  0.2564; -0.0249;  0.8890; -0.5480;  0.0658;  0.4647; -0.8353;  0.5050; -0.2342; -1.2668;  0.6252;  0.3331;  1.1032;  0.5506;  0.6087; -0.2413; -0.2028;  1.7823;  0.5999;  1.9005;  1.8687;  0.5833;  0.9985; -0.1819;  6.0865;  0.3025;  0.6023;  0.1692;  4.9477; -0.4332; -0.1353;  0.1629;  0.6181;  2.2174;  0.9791; -0.1306;  1.0060; -1.4884; -0.7288; -0.3985;  0.8971;  0.4929;  4.0179; -1.0689;  4.2470; -0.5328;  0.1113; -0.2530;  1.8764;  3.0123;  0.7851; -0.5918;  1.1969; -1.5686;  0.9625;  0.7207;  0.8689;  0.4784; -0.2602; -1.1156; -0.0248;  3.2993; -0.0847;  0.0121;  0.4810;  0.2632;  0.8133;  0.4642;  3.2754;  1.7698;  0.2563;  0.4997;  0.2365;  1.1838; -1.1222; -0.3135;  1.2018;  0.3237;  0.5007; -0.7143;  0.7441;  0.7486; -0.4739;  0.7455;  0.7623;  0.3237;  1.3559;  1.8118; -0.2329; -1.5648; -0.1042;  1.4337;  1.3096;  0.6841; -0.2265;  1.6761;  0.4869;  0.8991;  0.0100; -2.2983; -0.0769;  0.0398;  0.7276;  1.1359;  0.1423;  0.3098;  0.1990;  0.8883;  2.6346;  0.2678; -0.0634;  1.2898; -0.1847; -0.5543;  0.2099;  0.0690;  2.0603;  0.1355;  0.9869;  0.3831; -0.2645;  0.0162; -0.5266;  0.8895; -0.1896;  0.5838;  0.3558; -0.3181; -1.1950;  0.3486;  0.0251; -0.2835;  0.3530;  0.6787;  0.8552;  0.8984; -0.3766;  6.8927;  3.0472;  0.7955;  0.3093;  0.2408;  1.1708; -0.5645;  1.1973;  1.3099; -1.3095; -0.9075;  0.9622;  2.4469;  0.3282;  1.0286;  0.2462;  1.3525;  0.7240; -0.0674;  0.4963;  0.8915;  0.9589;  0.5001;  0.2632;  1.0741;  1.4453;  4.0907;  0.0876;  1.2409; -0.2611; -0.2619;  0.4669; -0.9506;  0.2605;  0.0420; -1.6658;  0.2894; -0.1322;  0.8764;  0.3573;  0.4930; -0.0636;  0.6322;  1.5564; -0.4754;  1.0785; -0.0630; -1.6761; -1.2197;  1.6633;  0.9027;  0.3207; -0.3448;  1.1480; -1.4665;  4.8820;  0.3184;  0.5129; -0.0887; -0.0252; -0.5395; -0.7334;  0.4271; -0.5905;  0.7718;  0.6686;  0.1107;  0.0346;  0.4011; -0.7196; -0.5145; -0.3824; -1.0124; -0.1958;  0.1509;  0.3511;  0.7293; -0.4822;  0.7014; -0.1100;  0.3538; -0.3336; -1.2098;  0.0314;  0.3656;  0.9431;  0.2037;  0.8689;  0.9635;  0.4383;  0.8451; -0.6183; -0.1094; -0.3302;  0.4118; -0.7674;  0.7508; -0.4668; -0.2959; -0.2108;  0.3407;  0.2246; -0.1087;  3.0756;  0.6222;  0.8414;  1.5579; -0.0127; -0.0740;  0.7164;  1.4447;  0.0013;  0.4233;  1.0527; -0.2349;  0.7932;  0.6252;  1.3231; -0.5528;  0.7302;  1.0204;  0.7305;  0.9397;  0.2267;  0.6898; -0.3227; -1.2190;  1.4963; -0.4734;  0.5097;  0.5841;  3.0184; -0.4778;  0.2904; -0.6181;  3.0936; -0.0588;  0.5443; -0.1706; -0.7567; -0.3091;  0.8422;  0.9429; -1.1334;  1.4568;  0.8176;  0.0788; -0.4036; -0.1738;  0.6228;  0.4501;  0.4478; -4.1158;  1.3464; -1.5124;  0.1005;  1.3780;  2.2256;  0.7843; -0.2156;  3.5048;  0.3388;  0.8010;  0.0837;  0.1418;  0.4148;  0.3673;  0.1500;  1.2960; -0.7755; -0.6861;  0.9165;  0.3956;  1.2080;  1.2054; -0.7280; -0.8555; -0.0631;  0.4407; -0.2308;  0.7996;  0.7182;  1.5851;  0.6464;  1.1154;  0.7734;  0.7092; -0.2134;  0.6455;  0.0850; -0.7755;  0.4385;  0.7588;  1.0808;  0.6146;  0.3682;  0.4265;  0.3925; -0.7850;  0.1860; -0.7709;  0.4270;  0.6450;  0.9401; -0.2026; -0.9163;  0.8994;  0.7810;  0.6859;  0.9238;  0.8268;  0.2483;  0.3936;  0.2126; -0.3966; -0.3120; -0.9833; -0.1433; -0.3193;  2.4113; -0.4558;  0.4392;  0.8161; -0.3145;  5.3454;  0.2693;  0.8786; -1.1756; -0.1535;  2.2851; -0.4604;  0.1066;  5.5309;  1.6352;  1.4915; -1.0196;  1.4685;  0.1672;  0.4026;  0.1405;  0.0816;  2.0392; -0.3265;  0.9204;  1.4760;  2.2677; -0.4605;  4.0383;  0.7971;  0.3397; -0.1239;  0.3704; -0.1556;  1.3086; -1.0087;  0.2921;  0.0654;  0.8080;  1.1620;  1.1999; -0.1701;  0.0921;  0.1557;  0.0842; -0.6844;  0.1518;  0.1502; -0.0436; -0.7461;  0.9797; -0.4524;  0.8485;  1.5140; -0.3039;  0.7094;  0.4055;  0.3885; -2.1956;  0.3168;  0.3049;  0.8271; -0.0933; -0.4491;  0.9454;  0.2535;  1.1787;  0.6701; -1.3968;  0.6958;  1.5181;  1.5413; -0.6180;  0.9921;  0.6860;  0.2869;  1.0763;  0.2033; -1.4235; -0.9517; -1.2681; -1.8476;  1.9044;  2.2693;  2.4636;  2.1250;  1.9762;  0.5580;  0.3786;  0.0540; -0.0651; -1.2651; -0.6021; -0.4537;  0.8322;  2.1112;  0.1167;  1.2861;  0.5466;  3.1309; -0.5393;  0.1357;  0.2841;  0.0340;  0.8466;  0.1960;  0.4385;  1.0511;  0.1029;  2.1808;  0.8776; -0.3938;  1.1038;  0.0900; -0.3605;  0.1148;  0.2444;  0.2153;  0.1549;  0.0546;  0.6786;  2.4115;  0.1692;  0.4234;  0.7373;  5.0098; -0.0066;  0.3391; -2.4049;  0.9308; -1.1320;  0.8173; -0.1440; -0.1028;  2.7208;  0.7972; -0.9170; -1.2312;  0.1209;  0.1541;  0.4886; -0.5048; -0.5411;  1.0024; -1.5743; -1.7548;  1.2120; -5.4156;  0.6906;  0.4347;  0.6746;  0.5745; -0.1312; -0.3182; -0.1500;  0.4515; -0.1160;  1.2781;  0.6184;  1.0068;  0.7181; -0.1651;  1.8810; -0.7896;  3.3525;  3.1891; -0.7594;  0.2742; -0.1516; -0.4750;  2.3518; -0.2337; -0.3359; -0.2527;  0.4960; -0.8302;  1.1284; -0.5637;  0.4358;  0.3372; -0.9449;  0.7553;  0.0566; -0.1376;  0.0843; -0.0971; -0.4839;  0.5897;  0.2378;  0.9080;  5.9877;  0.0473; -0.7264; -0.4586; -0.1752; -0.8436; -1.7098;  0.5340; -0.1064; -0.0086;  2.4002;  2.3178; -0.9204;  0.7868; -0.5185;  0.7952;  0.9335; -0.0241;  4.5494; -0.4657;  0.4142;  1.8909;  0.1984;  0.6772;  2.8108;  0.8588;  1.0258;  1.2295;  0.9414; -0.0096;  0.4599; -0.1260; -0.6898;  0.3139; -0.0029;  0.2854;  1.2677;  0.4703; -0.5633; -0.2165;  1.8042;  0.6600;  0.3450; -0.3872;  0.1851;  2.5063; -0.3320;  0.7894;  1.6006;  0.5569;  2.8993; -0.3608;  0.0482;  2.6021; -0.4490; -0.3055;  0.2242;  0.8505; -0.0805; -0.4661; -1.0609; -0.1542;  0.1005;  0.9250;  3.9829;  1.2436;  1.1306;  0.9746; -0.2329;  1.6775;  1.3840;  0.3533;  0.2213;  0.3038;  1.2186; -2.5506;  0.1114; -0.3367;  0.0611;  2.2092;  1.4302;  0.8603; -0.0536;  0.9306; -0.1126;  1.5212; -0.6360; -0.1455; -0.1294; -0.6294;  2.7829;  0.6313;  0.0604; -0.4229; -0.0424;  0.7657;  0.7947;  0.9026;  4.3511; -0.9170;  0.4338;  1.4399;  1.1456; -0.4209; -0.0554; -0.0466; -0.7271;  0.9309; -0.1292; -0.3446;  0.2919;  1.5571;  0.0682;  1.1223;  1.3786;  1.3892; -0.3404;  0.8734;  2.3752;  0.5152;  0.4299;  0.6832; -0.1285;  1.0243;  0.6583;  0.8354;  0.2656;  2.0157; -1.2018;  0.8460;  0.5666;  3.0466;  1.2522;  0.5426;  0.6079; -0.4964;  0.2403;  1.1038;  2.2927; -0.5674; -0.4883;  0.0152;  0.3990; -0.4925;  0.1100;  0.8039; -0.3714;  1.3647;  2.9874; -0.2208; -0.2551;  0.3096;  0.1218; -0.1494; -0.4768;  0.3425; -0.3380;  1.2003;  2.0000;  2.1171; -0.0711;  0.7086;  0.1341;  0.1414;  1.4976;  1.3615;  0.1406; -0.3161; -0.6909; -0.2645; -0.3908;  2.4446;  1.7730;  0.9755; -0.2333; -0.9675; -0.1504;  2.2629;  0.3326;  0.6412;  0.7272; -0.3096;  1.8631;  0.1719;  0.2465; -0.1067;  0.0469;  1.2303; -0.1665; -0.4509; -0.4844;  0.8904;  0.5029;  0.4471; -0.7762;  0.3574; -0.2407;  0.6453;  0.7407;  0.5347;  0.0614;  1.2063;  0.9335;  0.7922;  1.1377;  0.1514;  2.4583;  1.1543;  0.3364;  0.3874;  0.9606;  7.4693;  1.4950;  2.2002;  0.3865;  3.6389;  2.9470; -0.2973;  1.5111;  0.1051; -0.7703;  0.5251; -1.1694;  0.6936;  2.7933;  0.0097;  2.7949; -0.4083;  0.5765;  0.2844; -0.6668;  1.2253; -0.0635;  0.5465;  0.7714;  1.7849;  0.0115;  0.1267;  0.3050; -0.7429;  0.5258;  0.7905; -0.1664; -0.2458;  1.2575;  2.6722;  1.0259;  0.7786;  0.1573; -0.4320; -0.1251;  0.1388;  2.0344;  0.3714;  2.4772;  0.5587;  4.5011;  1.7834;  0.2701;  0.8987;  1.3322;  0.8458;  1.3659;  0.6500; 