Method=2
A = ...
  [2 1 0;
   1 2 1.4142135623730951;
   0 1.4142135623730951 5];

