v = [1;-18;100;-172;-25;82];